//FPCS
FPCS配准用时： 272.852 ms
Rotation matrix :20  0.480 | >3941 ms
    |  0.869 -0.120  0.480 | >5057 ms
R = | -0.020 -0.978 -0.209 | >2205 ms
    |  0.494  0.172 -0.852 | >1479 ms
Translation vector :, -0.805 >6315 ms
t = < -1.866,  1.037, -0.805 >3868 ms



//k=4, l=4, for our method
Time cost = 162 + 148 = 310 ms
Rotation matrix :78  0.214 | >404 ms
    |  0.900 -0.378  0.214 | >6565 ms
R = | -0.337 -0.919 -0.205 | >4844 ms
    |  0.274  0.112 -0.955 | >4581 ms
Translation vector :, -0.218 >6803 ms
t = < -1.762,  1.575, -0.218 >449 ms

//FPCS配准用时： 392.509 ms
Rotation matrix :71  0.312 | >5494 ms
    |  0.556 -0.771  0.312 | >8532 ms
R = | -0.694 -0.636 -0.336 | >0992 ms
    |  0.457 -0.030 -0.889 | >0109 ms
Translation vector :, -0.530 >0358 ms
t = < -1.265,  1.954, -0.530 >5589 ms
Applied 1 ICP iteration in 1.05695 ms


//
Rotation matrix :92  0.885 | >6151 ms
    |  0.250  0.392  0.885 | >7726 ms
R = |  0.464  0.754 -0.465 | >9321 ms
    | -0.850  0.527  0.006 | >2013 ms
Translation vector :,  1.465 >5239 ms
t = < -2.654,  0.990,  1.465 >597 ms
